19
-84.3158 39.9657 -85.4815 0 0 0
-81.6479 39.2089 -88.3642 0 0 0
-79.0739 38.272 -91.2791 0 0 0
-76.4999 37.3352 -94.1941 0 0 0
-73.926 36.3983 -97.109 0 0 0
-71.352 35.4615 -100.024 0 0 0
-68.778 34.5246 -102.939 0 0 0
-66.204 33.5878 -105.854 0 0 0
-63.3807 33.4495 -108.684 0 0 0
-60.6851 34.1413 -111.557 0 0 0
-58.1111 35.0782 -114.472 0 0 0
-55.5371 36.015 -117.387 0 0 0
-52.9631 36.9519 -120.302 0 0 0
-50.3892 37.8887 -123.217 0 0 0
-47.6385 38.423 -126.071 0 0 0
-44.8126 38.5208 -128.901 0 0 0
-42.016 38.1761 -131.74 0 0 0
-39.205 38.4322 -134.574 0 0 0
-36.6311 39.369 -137.489 0 0 0
31046
0.284474
